Lines:
(10.0, 97.0) (20.0, 98.5)
(10.0, 97.0) (20.5, 79.5)
(10.0, 97.0) (20.1, 59.5)
(10.0, 97.0) (10.0, 70.0)
(20.0, 98.5) (34.5, 97.5)
(20.0, 98.5) (41.0, 99.5)
(20.0, 98.5) (30.0, 100.0)
(20.5, 79.5) (25.75, 79.0)
(25.75, 79.0) (32.75, 60.75)
(25.75, 79.0) (33.0, 85.25)
(25.75, 79.0) (40.0, 82.5)
(34.5, 97.5) (41.0, 99.5)
(34.5, 97.5) (33.0, 85.25)
(20.1, 59.5) (10.0, 55.0)
(20.1, 59.5) (25.25, 59.25)
(20.1, 59.5) (10.0, 70.0)
(32.75, 60.75) (32.75, 45.75)
(32.75, 60.75) (25.25, 59.25)
(32.75, 60.75) (40.0, 82.5)
(32.75, 60.75) (40.0, 54.0)
(32.75, 60.75) (30.0, 50.0)
(10.0, 55.0) (10.25, 42.0)
(10.0, 55.0) (10.0, 70.0)
(10.25, 42.0) (20.75, 38.0)
(10.25, 42.0) (10.0, 6.0)
(32.75, 45.75) (23.25, 37.75)
(32.75, 45.75) (32.5, 22.5)
(32.75, 45.75) (40.0, 54.0)
(32.75, 45.75) (30.0, 50.0)
(23.25, 37.75) (20.75, 38.0)
(23.25, 37.75) (32.5, 22.5)
(25.25, 59.25) (30.0, 50.0)
(20.75, 38.0) (10.0, 6.0)
(10.0, 6.0) (28.0, 2.5)
(34.0, 12.5) (28.0, 2.5)
(34.0, 12.5) (32.5, 22.5)
(34.0, 12.5) (60.5, 5.5)
(34.0, 12.5) (50.25, 15.5)
(34.0, 12.5) (35.0, 20.0)
(28.0, 2.5) (60.5, 5.5)
(32.5, 22.5) (35.0, 20.0)
(41.0, 99.5) (48.0, 96.0)
(41.0, 99.5) (30.0, 100.0)
(33.0, 85.25) (40.0, 82.5)
(48.0, 82.0) (40.0, 82.5)
(48.0, 82.0) (54.0, 81.25)
(48.0, 82.0) (54.0, 84.25)
(48.0, 96.0) (54.0, 84.25)
(48.0, 96.0) (68.0, 91.25)
(40.0, 54.0) (46.0, 51.25)
(53.5, 57.75) (54.0, 81.25)
(53.5, 57.75) (46.0, 51.25)
(53.5, 57.75) (60.0, 64.0)
(53.5, 57.75) (52.75, 43.25)
(54.0, 81.25) (54.0, 84.25)
(54.0, 81.25) (60.0, 64.0)
(54.5, 15.5) (61.0, 37.75)
(54.5, 15.5) (52.75, 43.25)
(54.5, 15.5) (50.25, 15.5)
(54.5, 15.5) (55.0, 40.0)
(46.0, 51.25) (52.75, 43.25)
(54.0, 84.25) (68.0, 91.25)
(60.0, 64.0) (71.75, 58.5)
(60.0, 64.0) (70.0, 68.0)
(60.0, 64.0) (65.0, 65.0)
(74.0, 68.0) (68.0, 91.25)
(74.0, 68.0) (70.0, 68.0)
(74.0, 68.0) (90.0, 65.0)
(74.0, 68.0) (70.0, 90.0)
(68.0, 91.25) (70.0, 90.0)
(61.0, 37.75) (52.75, 43.25)
(61.0, 37.75) (73.0, 39.75)
(61.0, 37.75) (67.0, 31.75)
(61.0, 37.75) (55.0, 40.0)
(52.75, 43.25) (55.0, 40.0)
(73.0, 39.75) (71.75, 58.5)
(73.0, 39.75) (80.5, 46.0)
(73.0, 39.75) (67.0, 31.75)
(71.75, 58.5) (70.0, 68.0)
(71.75, 58.5) (80.5, 46.0)
(71.75, 58.5) (65.0, 65.0)
(60.5, 5.5) (50.25, 15.5)
(60.5, 5.5) (70.0, 5.5)
(75.0, 18.0) (70.0, 5.5)
(75.0, 18.0) (67.0, 31.75)
(75.0, 18.0) (80.0, 12.5)
(70.0, 5.5) (80.0, 12.5)
(70.0, 68.0) (65.0, 65.0)
(90.0, 65.0) (91.75, 55.0)
(90.0, 65.0) (70.0, 90.0)
(91.75, 55.0) (80.5, 46.0)
(91.75, 55.0) (90.0, 25.0)
(91.75, 55.0) (90.0, 30.0)
(80.5, 46.0) (90.0, 25.0)
(80.5, 46.0) (90.0, 30.0)
(90.0, 25.0) (80.0, 12.5)
(90.0, 25.0) (90.0, 30.0)
-1