lines
(72.5, 30.5) (61.5, 33.0)
(67.5, 57.5) (76.0, 59.5)
(68.5, 42.5) (77.5, 37.0)
(68.0, 82.5) (68.0, 100.0)
(68.0, 71.0) (80.0, 65.0)
(60.0, 71.0) (60.0, 57.0)
(60.0, 83.5) (48.0, 85.0)
(45.0, 44.0) (47.0, 58.5)
(48.5, 20.0) (60.5, 11.0)
(48.0, 79.0) (60.0, 83.5)
(47.0, 58.5) (60.0, 57.0)
(40.0, 58.0) (40.0, 50.0)
(40.0, 78.0) (40.0, 87.0)
(48.0, 92.0) (48.0, 100.0)
(48.0, 85.0) (48.0, 79.0)
(40.0, 87.0) (26.0, 83.5)
(41.0, 99.0) (41.0, 100.0)
(25.0, 25.0) (40.0, 20.0)
(20.0, 6.0) (0.0, 6.0)
(21.0, 34.0) (20.5, 42.0)
(25.0, 55.0) (25.5, 63.5)
(20.5, 42.0) (0.0, 42.0)
(20.0, 55.0) (0.0, 55.0)
(25.5, 63.5) (40.0, 58.0)
(20.2, 64.0) (20.0, 55.0)
(28.0, 96.0) (41.0, 99.0)
(26.0, 83.5) (25.5, 74.5)
(21.0, 84.0) (20.0, 75.0)
(20.0, 97.0) (0.0, 97.0)
(20.0, 97.0) (20.0, 100.0)
(25.5, 41.5) (40.0, 50.0)
(25.5, 41.5) (21.0, 34.0)
(28.0, 5.0) (40.0, 20.0)
(28.0, 5.0) (28.0, 0.0)
(60.5, 42.5) (61.5, 33.0)
(60.5, 42.5) (45.0, 44.0)
(60.5, 11.0) (60.5, 0.0)
(60.5, 11.0) (40.0, 20.0)
(70.0, 11.0) (80.0, 25.0)
(70.0, 11.0) (70.0, 0.0)
(80.0, 65.0) (60.0, 71.0)
(80.0, 65.0) (100.0, 65.0)
(83.5, 55.0) (100.0, 55.0)
(83.5, 55.0) (77.5, 37.0)
(80.0, 25.0) (100.0, 25.0)
(80.0, 25.0) (80.0, 0.0)
-1